81.80275313004299
32.774437563575674
18.11763933468102
57.60479145379192
74.30193924263139
45.04812171452612
11.679236887655206
51.12777620409072
76.50616852672051
44.79685041297577
65.13197732253991
59.35051067333152
43.83683033501587
71.56235524538704
75.33731995136556
41.313865666027596
32.004357556812955
55.855490501225546
80.1937077455507
39.7955168052306
45.92555564860186
49.870739513976986
19.088559284526163
66.62395184406316
36.428975581409794
43.004340168548495
99.87025973664863
32.26863457130625
15.641652572115492
38.7022960580618
34.612106870471564
53.65186830349482
20.74076258211483
10.699350771863104
37.80125929066473
48.39484072369884
24.976169390027778
44.57633298454951
78.67071381374573
40.254649588644796
78.36374139438871
82.67903584085511
77.6825111167321
67.94589730481417
84.64842540520014
77.91523929540739
9.597683406455115
92.81225900259578
11.426870360689914
97.57682205389212
85.54166214665693
44.36094214584178
80.02084954811194
38.60077442276416
30.850226799575317
33.900350482859785
95.31474681421652
33.88651133916646
76.56056456903158
82.6632603859202
72.55604183648235
32.28896910931508
86.40048809857902
46.39780281316639
99.92421702217524
93.49186206713843
34.41401169651903
16.963642774778542
46.47090709189487
85.6128422652221
10.761059242325318
86.92456463602616
82.40521994401759
76.00395798676261
96.21971891994802
74.69237418049134
38.91469831144041
15.37376337491271
97.21072352541343
94.17968737282492
11.039773886778585
25.11939630506197
3.901371120865149
40.73601442540805
3.4690223733546217
98.68615780773023
64.99708267218274
69.81928517806425
69.34211048600912
79.72943839467898
17.11120759830387
61.78366260143088
54.22194856613777
84.53041627690132
67.1576422014683
88.27455531369854
2.020063855877574
94.42615119785603
6.176198820950197
70.10762824598275
